-6.718450518901182278e-01
-8.021610855610837865e-01
-9.613066832376403470e-01
6.655443995007499502e-01
-2.528250443599103114e+00
-1.162614573984637412e+00
-4.564651744078147999e+00
-3.138216499673018411e+00
-5.283969985916368017e+00
-4.880622641756565017e+00
-4.578855464194331759e+00
-2.201962111371256192e+00
-6.841195090827967284e-01
-6.233687906482107133e-01
-7.988820053126847176e-01
1.456722319623399153e+00
-2.253524374936298535e+00
-7.214028997799704079e-01
-4.578900342695955139e+00
-3.034547024567611384e+00
-4.769035301308293562e+00
-4.386369511187833581e+00
-5.212609441768115914e+00
-5.503396817380830974e+00
-9.600238932314441032e-01
-5.557747411617770528e-01
-7.934103355177128947e-01
8.836570173858249166e-01
-1.713553482750308721e+00
-7.844334521584946929e-01
-3.482799466838778724e+00
-3.635850483842442138e+00
-4.437909001745893534e+00
-3.774063063198559664e+00
-4.668952028502685536e+00
-5.067824207910779144e+00
-9.110524615179403929e-01
-4.547792533020280081e-01
-1.016943205166263020e+00
7.652674520028390770e-01
-1.190943425030003722e+00
-6.706536604506772026e-01
-3.947597373729289760e+00
-3.688654591103397440e+00
-5.255982689682444864e+00
-4.284878208658467358e+00
-4.282381310540527508e+00
-4.203670156676462710e+00
-6.649992038834846575e-01
-5.815099100663372322e-01
-9.314304049098532934e-01
8.859669090298295524e-01
-1.592861362959428817e+00
-1.016575767133272024e+00
-4.912276628696637282e+00
-3.774920190388173058e+00
-6.435427085286166360e+00
-4.313764894983052045e+00
-4.469131885944339189e+00
-2.029764105674976893e+00
-6.671833664603039615e-01
-8.640570952312571773e-01
-6.758361158788925849e-01
9.232684895285743210e-01
-2.308315654108177295e+00
4.383375433848311908e-02
-4.687423675795236555e+00
-3.832470668611624998e+00
-4.548573927253952043e+00
-3.538034155607510556e+00
-4.518696732245851777e+00
-5.396791369710599362e+00
-5.389458635005720533e-01
-8.352115963622818162e-01
-6.449443581165649197e-01
9.714203422535517829e-01
-4.362204023787258578e+00
-6.235670307270156816e-03
-3.801094277945527455e+00
-3.549015751153068887e+00
-3.677384196739243105e+00
-9.000000000000000000e+00
-4.368602366030160056e+00
-4.087881123266424055e+00
-7.342573429586271017e-01
-6.180158982685467484e-01
-8.295057547800527287e-01
1.414589899353439595e+00
-2.408582565774290085e+00
-9.977995033888444887e-01
-4.127964841367392168e+00
-5.033304937058827200e+00
-5.303607954448548156e+00
-9.000000000000000000e+00
-9.000000000000000000e+00
-2.909381862690676002e+00
-8.406351961530875716e-01
-4.794079259445380714e-01
-1.070098020290202401e+00
1.209572695615465987e+00
-1.340383104423144900e+00
-9.715891798447477967e-01
-4.947371294624529625e+00
-3.543187195319228877e+00
-5.413414836365911142e+00
-9.000000000000000000e+00
-4.740895236419968128e+00
-4.028381144904702005e+00
-7.288354717281826378e-01
-7.490960919727863709e-01
-6.281257117434939641e-01
6.764642664088617030e-01
-2.608329454947830417e+00
-9.443322899907822254e-01
-2.246127803670735279e+00
-1.175264880276289725e+00
-9.000000000000000000e+00
-4.560855877588165797e+00
-9.000000000000000000e+00
-2.262817251440166544e+00
-8.280270924076691408e-01
-7.865653419984904859e-01
-6.703401971956345351e-01
4.731271116855476078e-01
-5.245189151085127843e-01
-6.021040276073147401e-01
-1.800712947049877943e+00
-1.373312429229948339e+00
-5.075592205091904674e+00
-3.168005591030001344e+00
-1.039962317112526957e+00
-5.555034694861951117e+00
-5.841413755171140920e-01
-4.445554254129294725e-01
-1.036342210004573383e+00
7.903848541977717135e-01
-1.186671717893899691e+00
-4.940342480913996193e-01
-6.453584127793051017e+00
-3.128126738674343432e+00
-4.302077463534176083e+00
-4.076936306637665375e+00
-4.811714979171725304e+00
-5.147997102881024745e+00
-6.664481495989418303e-01
-6.194058768373136292e-01
-8.814224526567617790e-01
9.403824943552364646e-01
-1.880875771365555948e+00
-1.151049556325562717e+00
-4.802602065769026041e+00
-3.617455557671996669e+00
-5.250370868859409512e+00
-4.846741007894128650e+00
-5.866943889488751118e+00
-2.128896142589973284e+00
-6.802616713281459671e-01
-5.972707464097476437e-01
-1.002383818731618303e+00
9.008250097693966119e-01
-2.924306219906374515e+00
-4.908938718978737015e-01
-4.172977699115002714e+00
-3.596040236775217114e+00
-5.766855268042653471e+00
-4.596581396431099975e+00
-4.919241223650121064e+00
-5.325641550498862564e+00
-3.648583112322660305e-01
-5.385393003724030514e-01
-1.114666424723091076e+00
2.030166226381389383e-01
-1.112680636625999364e+00
-9.400425413247117667e-01
-1.266943343690211332e+00
-2.109793301330826321e+00
-4.365933021504872613e+00
-5.053930394931570369e+00
-1.045496122650915849e+00
-5.734686508098965518e+00
-6.532643121259809060e-01
-4.470658978334469680e-01
-1.035334918978019880e+00
9.615000575355217016e-01
-1.189790269467088990e+00
-4.606364534229162588e-01
-4.450069408559609307e+00
-3.267105887490817206e+00
-5.037864832753983890e+00
-4.297151865588024755e+00
-5.106787173465658469e+00
-4.696410580224729792e+00
-1.718926393953518872e+00
