-5.364672647008287276e-01
-8.348530810315613060e-01
-6.490261010565814281e-01
9.539425904473610718e-01
-9.785087022901819420e-01
-4.313730605951875852e+00
-1.128532184804116774e-02
-3.819327644759903162e+00
-3.550272973598173287e+00
-3.688611988928514940e+00
-1.000000000000000000e+01
-4.415212728836811706e+00
-4.112876864144553224e+00
-7.288638774722057123e-01
-7.491525354559817051e-01
-6.281784166868128461e-01
6.763731410636842911e-01
-5.548107698553347511e+00
-2.600768702212718608e+00
-9.455102448244779856e-01
-2.249327050584398080e+00
-1.175089840125191021e+00
-1.000000000000000000e+01
-4.561745354627906757e+00
-1.000000000000000000e+01
-2.263705796040135887e+00
-6.578599150914377081e-01
-5.777739152947118928e-01
-9.396865840744035303e-01
8.783045651548145871e-01
-1.276948597553980158e-01
-1.268495490619453436e+00
-1.258207438478002649e+00
-5.084196679640471395e+00
-4.020292051317334803e+00
-6.649916129649771968e+00
-4.569809848706322342e+00
-4.726818329105141103e+00
-2.243814839428833974e+00
-6.636926028349711126e-01
-6.330992808341497913e-01
-8.927384759536184378e-01
9.352673849117595362e-01
-7.383976797188880441e-03
-1.612713732051969773e+00
-1.309194742023579883e+00
-4.934062767531519178e+00
-3.868696017131529885e+00
-5.332443168593266059e+00
-5.068986655503010752e+00
-6.476105638543534049e+00
-2.318561726911612109e+00
-6.740909026628709722e-01
-8.079309451507438178e-01
-9.442583302260018074e-01
5.937411941332968457e-01
3.928201490019507247e-01
-2.277001884329883818e+00
-1.227119553109504491e+00
-5.609841109430838912e+00
-3.222142738458755318e+00
-5.591061665602215847e+00
-5.019630714883103195e+00
-4.777261555444846763e+00
-2.356898019588006044e+00
-7.431000343661884333e-01
-6.350473086884982354e-01
-8.270801605616419083e-01
1.418970780909950102e+00
8.307069858744478008e-01
-2.025547582649686262e+00
-1.108991828959845050e+00
-4.134538711627929075e+00
-7.800710166158204117e+00
-5.652164583206467086e+00
-1.000000000000000000e+01
-1.000000000000000000e+01
-3.238831443058431070e+00
-8.299352990597171909e-01
-7.777638262775927736e-01
-6.829159932031516611e-01
4.153640739616926703e-01
-1.827008243873539106e+00
1.186475320264186450e-01
-3.702241779686078704e+00
-1.545435297675253672e+00
-1.808817955298594349e+00
-4.940989867625744658e+00
-3.322357511172976174e+00
-1.131368608574636614e+00
-5.501829847018240294e+00
-3.632724335988745112e-01
-5.481373945272636217e-01
-1.105760010934520698e+00
1.557195846477806567e-01
-1.065243863271721603e+00
-3.637927968413318669e-01
-3.392303635509494431e+00
-1.652137429278959013e+00
-1.878930973784643799e+00
-4.480058019202953545e+00
-5.859510231534740932e+00
-1.221603249137749314e+00
-5.490411820339380355e+00
-6.636971529132426051e-01
-8.680718295770261106e-01
-6.712816504549076191e-01
8.948575191552223806e-01
1.734503992151097407e-01
-2.024416519853380780e+00
-7.687495771753819623e-03
-7.366198223595485928e+00
-3.754470465711793992e+00
-4.767944160319380842e+00
-3.678075562819630218e+00
-4.594059956427618552e+00
-6.058767661742135324e+00
-9.125801860442064317e-01
-4.625571334552403546e-01
-1.034854311700445173e+00
8.724204935236049563e-01
-2.890556182948187391e-01
-4.041892477624732805e-01
-1.699133150626336963e+00
-5.400875454160318334e+00
-3.542318102988436745e+00
-5.541895357123090449e+00
-4.484525867320622972e+00
-4.499213933341513538e+00
-4.531922879844530350e+00
-6.530858825208859519e-01
-4.468841994413493834e-01
-1.036682449123671246e+00
9.672964840204015813e-01
-2.604720629380169239e+00
-1.150404934132727153e+00
-4.758425259071683011e-01
-4.543763889372671727e+00
-3.277066873011680315e+00
-5.063823391454440603e+00
-4.331837594132220914e+00
-5.130212880351577631e+00
-4.730927644352592942e+00
-5.671318375870169071e-01
-4.433314561887600203e-01
-1.056057257411270989e+00
1.166560883261580139e+00
-2.181566737586773941e-01
2.494131966659738797e+00
3.265890021792884124e+00
-3.412702160295948861e+00
-6.507003484522484449e+00
-4.589254082655406464e+00
-4.348611757989607085e+00
-5.157418783516434679e+00
-5.363893234823621903e+00
-6.796096363477434066e-01
-5.974358334515351698e-01
-1.002609005033270995e+00
8.977263177255153659e-01
-7.926431515890332014e-01
-2.858288647374262581e+00
-4.962105398004494905e-01
-4.228938191398418311e+00
-3.633953652707622162e+00
-5.846692620682512498e+00
-4.639573201280684067e+00
-4.982019718688556864e+00
-5.376932928123748567e+00
-8.452413064645228902e-01
-4.828637166619555443e-01
-1.070421607272993514e+00
1.239363829946865669e+00
-1.446520480466537917e+00
-1.228995771334897791e+00
-1.036945176304758576e+00
-5.543967291940236741e+00
-3.528976339460065947e+00
-5.500055246088398242e+00
-1.000000000000000000e+01
-4.826834085670311580e+00
-4.114816665171601606e+00
-9.599762851802534636e-01
-5.558455037917837682e-01
-7.934879190120859294e-01
8.830381012077793690e-01
-5.911956671316429990e+00
-1.712633612013563678e+00
-7.848869134791018887e-01
-3.482729669265050454e+00
-3.638098482595672589e+00
-4.438964726981210696e+00
-3.774965964052715783e+00
-4.669631578186255183e+00
-5.063135472089455469e+00
-6.799694591234091146e-01
-6.249712350754909052e-01
-7.953899503932170267e-01
1.451305159108920773e+00
-2.357705714599642455e-01
-2.056217588664349005e+00
-7.620028804994233296e-01
-5.803362342741544389e+00
-3.044583234856477194e+00
-4.928525377123929907e+00
-4.543528385077972409e+00
-5.317432311855593063e+00
-5.714979001539252756e+00
