-5.388947239650250243e-01
-8.352104924449049728e-01
-6.447921033808836633e-01
9.714019864706971985e-01
-4.362014609854891312e+00
-6.156429974895002988e-03
-3.800773236861031190e+00
-3.549109540955477815e+00
-3.677341748995255788e+00
-1.707456045922114640e+01
-4.369570388290358487e+00
-4.086691063770720334e+00
-7.288319610157780737e-01
-7.490645277099545751e-01
-6.281143487196321207e-01
6.764585858975750154e-01
-2.608016389600292584e+00
-9.444228823254342542e-01
-2.246315736177593170e+00
-1.175258499446090177e+00
-1.915806128844393541e+01
-4.559693018254024288e+00
-2.147832727500288286e+01
-2.262767545584035922e+00
-6.650181891741571150e-01
-5.815109768076386354e-01
-9.314253694601540845e-01
8.859518978917870768e-01
-1.592850912772171057e+00
-1.016595968294471630e+00
-4.912070125698739353e+00
-3.774987491712052279e+00
-6.427988419958444055e+00
-4.314006797960694861e+00
-4.469397506040039048e+00
-2.029824837263568327e+00
-6.664522442614032594e-01
-6.194027070772036847e-01
-8.814186170152304989e-01
9.403434953760095860e-01
-1.880814014618849228e+00
-1.151021078236664108e+00
-4.802481873856194738e+00
-3.617546005359151717e+00
-5.249783807536652525e+00
-4.846969270204637859e+00
-5.866609164680722799e+00
-2.128901863235594938e+00
-6.718712597938941711e-01
-8.021581314167923749e-01
-9.613035005092324115e-01
6.655288653833411061e-01
-2.528469581531886501e+00
-1.162610862659932298e+00
-4.562707846796111966e+00
-3.138302151528079786e+00
-5.281863121994665455e+00
-4.880974216899969242e+00
-4.578801475601532722e+00
-2.202035778758018925e+00
-7.342516606129441126e-01
-6.180184320856992874e-01
-8.295002551855895634e-01
1.414444017881772542e+00
-2.408465561949852063e+00
-9.978435411883883610e-01
-4.127633121575840391e+00
-5.032895879345410606e+00
-5.302332527969563891e+00
-1.632597681840292836e+01
-1.621240219384225867e+01
-2.909554631428616922e+00
-8.280045501895164639e-01
-7.865185069310907107e-01
-6.703593517956872860e-01
4.731387367440299530e-01
-5.244230915943500770e-01
-6.020912754733931394e-01
-1.801059628014434644e+00
-1.373133327552794158e+00
-5.073633249358065811e+00
-3.168292938510049783e+00
-1.039977708450384508e+00
-5.554166229935824539e+00
-3.648502284252334027e-01
-5.385450119964320104e-01
-1.114672745833199974e+00
2.030004440960791467e-01
-1.112530914600460497e+00
-9.405566194833422378e-01
-1.267026732369805675e+00
-2.109719439111971351e+00
-4.365795247004119695e+00
-5.054258870620317090e+00
-1.045491762226427035e+00
-5.738065828229105492e+00
-6.671689444802481050e-01
-8.640877020898178884e-01
-6.758485120264244861e-01
9.233584262116040220e-01
-2.308327830035926453e+00
4.389781214072263626e-02
-4.686903597705581070e+00
-3.832565888450208291e+00
-4.548339643027709656e+00
-3.538396002347220293e+00
-4.518805108619266875e+00
-5.397646321019363036e+00
-9.110467384463252216e-01
-4.547552600186786087e-01
-1.016973040069044876e+00
7.652546219360708557e-01
-1.190887144863895797e+00
-6.707002797246720549e-01
-3.947680506493119079e+00
-3.688396258694421892e+00
-5.255315298535706781e+00
-4.285106533512248461e+00
-4.282788458209187077e+00
-4.203570776108262130e+00
-6.532941510177263655e-01
-4.470777466929480859e-01
-1.035420546378448936e+00
9.615298606476206933e-01
-1.189654289712117841e+00
-4.604973747849293031e-01
-4.452085818282599305e+00
-3.265956528579008200e+00
-5.037225505054935937e+00
-4.296904797522990371e+00
-5.106332089260720686e+00
-4.695841618434487330e+00
-5.841772410021059958e-01
-4.445603959292690477e-01
-1.036355242986797487e+00
7.903720780920597822e-01
-1.186679016511844376e+00
-4.940549857218745067e-01
-6.444148104918081543e+00
-3.128534320592982088e+00
-4.302330729632843465e+00
-4.077277062455793022e+00
-4.811887162426772946e+00
-5.147137640173570006e+00
-6.802902369743395461e-01
-5.972462568880008149e-01
-1.002449574763855322e+00
9.008673151533416190e-01
-2.924351658677305288e+00
-4.908196932765353515e-01
-4.173600407185731775e+00
-3.595769611991896486e+00
-5.766006629325620914e+00
-4.596238190526776179e+00
-4.919250563323461556e+00
-5.326253938777536057e+00
-8.405859732252954908e-01
-4.793785336252483487e-01
-1.070118730226627290e+00
1.209581789539950991e+00
-1.340348172978093055e+00
-9.715676269942390419e-01
-4.948059294353964965e+00
-3.542791538721386857e+00
-5.413961905959353338e+00
-1.813957030057070341e+01
-4.740746469526460061e+00
-4.028437997132289006e+00
-9.599757083338467112e-01
-5.558488378980191991e-01
-7.934308642057232852e-01
8.836433450810355916e-01
-1.713653834042303981e+00
-7.843678178286672686e-01
-3.482589581830286107e+00
-3.636104221785213308e+00
-4.438057771362778681e+00
-3.773919506878655739e+00
-4.668377423673085502e+00
-5.067670521892273072e+00
-6.841141414579313684e-01
-6.233788642528540480e-01
-7.988482088490419519e-01
1.456736544238645292e+00
-2.253556195059450928e+00
-7.213615673785667148e-01
-4.578700987739351191e+00
-3.034428611905186646e+00
-4.768753830822017648e+00
-4.387193837277756359e+00
-5.212097917826240767e+00
-5.503334350364627703e+00
-8.463757682679209360e-01
1.858816001370351634e+00
