-5.364883867293546160e-01
-8.348755784620328635e-01
-6.489805136337777336e-01
9.541490384472397501e-01
-9.780876005610329438e-01
-4.313623442891765691e+00
-1.120654649253994065e-02
-3.817191835804763844e+00
-3.552070706889131735e+00
-3.691301361749335541e+00
-1.000000000000000000e+01
-4.415328056842045434e+00
-4.117827268473250868e+00
-7.288599807844208245e-01
-7.491449226653331683e-01
-6.281766472402792179e-01
6.762102751593709327e-01
-5.550567087686275158e+00
-2.602363799942333689e+00
-9.453266960315186429e-01
-2.249139990483768337e+00
-1.175161683139290814e+00
-1.000000000000000000e+01
-4.561310278596319989e+00
-1.000000000000000000e+01
-2.263683424816722578e+00
-6.578580191228216023e-01
-5.777772347401751718e-01
-9.396691554845320038e-01
8.785684305405072614e-01
-8.954602165068503705e-02
-1.261705550580654256e+00
-1.264812213713756517e+00
-5.085231187077732251e+00
-4.020317686986127903e+00
-6.649275337441154399e+00
-4.569926689041479584e+00
-4.726691667505606098e+00
-2.243795766305775707e+00
-6.636874329579517395e-01
-6.330931025379543664e-01
-8.927424882789030125e-01
9.353697870629132938e-01
2.416639215303291108e-02
-1.608353584001828374e+00
-1.312405369403126576e+00
-4.934204386509904339e+00
-3.870638921128449095e+00
-5.328443653491866883e+00
-5.068882242932444271e+00
-6.475037494457330567e+00
-2.318336542715537352e+00
-6.740903913802057668e-01
-8.079293710740131917e-01
-9.442547289234722863e-01
5.937332602366429679e-01
4.128220722592534919e-01
-2.274906298355258372e+00
-1.227845282188672060e+00
-5.609220348660546307e+00
-3.222675764640774876e+00
-5.590674444385109965e+00
-5.020754958061297124e+00
-4.777869866265605836e+00
-2.356923869976502051e+00
-7.430918385915641355e-01
-6.350338958857981719e-01
-8.270890901416911856e-01
1.419232853375454129e+00
8.460410806501219572e-01
-2.025388478326567654e+00
-1.109123547018299849e+00
-4.132050084122728784e+00
-7.800662010927293721e+00
-5.653158620104784760e+00
-1.000000000000000000e+01
-1.000000000000000000e+01
-3.238153774796348472e+00
-8.298619746921952478e-01
-7.777665842368065574e-01
-6.828204656443903620e-01
4.160002739778527192e-01
-1.741133426125916595e+00
1.176105653033421433e-01
-3.705088187017557821e+00
-1.548684186569043275e+00
-1.800236733547818879e+00
-4.940992157445471378e+00
-3.317911166897295594e+00
-1.130816926759819374e+00
-5.501950427834693791e+00
-3.633857555091358216e-01
-5.479453818193852355e-01
-1.105829503365530098e+00
1.571272652285472526e-01
-9.947694265800931523e-01
-3.641703936267811637e-01
-3.393208831817957183e+00
-1.641479550121426989e+00
-1.889506941031733778e+00
-4.474831983332993701e+00
-5.854942850929907294e+00
-1.219648527598433452e+00
-5.487761569979856979e+00
-6.637102965687413647e-01
-8.680406435207083105e-01
-6.712725453172665446e-01
8.948503685838822275e-01
1.884513275074744809e-01
-2.023771883187728715e+00
-7.812203538202916464e-03
-7.365998956858312852e+00
-3.752356809134667959e+00
-4.764734710122294103e+00
-3.676049935809099889e+00
-4.591574141453713231e+00
-6.057648508856441794e+00
-9.125477271615918262e-01
-4.625227973096419642e-01
-1.034884639036006027e+00
8.722470048957303712e-01
-2.528560890861238919e-01
-4.051097947770843644e-01
-1.696637940726965166e+00
-5.396131978309142596e+00
-3.540640615136116498e+00
-5.540277161528257999e+00
-4.482300824672738493e+00
-4.496444021649268485e+00
-4.527398435628889217e+00
-6.530994893992932981e-01
-4.468936296264875985e-01
-1.036650353055536655e+00
9.671961971146789683e-01
-2.589873781162495892e+00
-1.151073045710982568e+00
-4.756253535078988626e-01
-4.536811019231535624e+00
-3.277480458785689610e+00
-5.062601779595719442e+00
-4.330667657192855735e+00
-5.128742419915037765e+00
-4.729895424334122467e+00
-5.672027449040560887e-01
-4.433145545956338474e-01
-1.056042210591181307e+00
1.166556152037627525e+00
-1.631444951810402944e-01
2.494131966612837648e+00
3.265890021691070011e+00
-3.413037683656619858e+00
-6.505424277968283597e+00
-4.590004304931040835e+00
-4.348786591993688333e+00
-5.159374757918842924e+00
-5.365062755958327045e+00
-6.796138597507225265e-01
-5.974356020333791983e-01
-1.002605599878874765e+00
8.977520213592081744e-01
-7.859062827132744511e-01
-2.858491448102406185e+00
-4.961970081353629380e-01
-4.228638920142795854e+00
-3.633722684685154469e+00
-5.845709838297702632e+00
-4.639316965176180751e+00
-4.981535708095972126e+00
-5.376625681045216432e+00
-8.451476481543339636e-01
-4.827411473760876426e-01
-1.070315903069153585e+00
1.238907579517826596e+00
-1.440286758475799234e+00
-1.230935972988609572e+00
-1.035763855492708663e+00
-5.544625633255356512e+00
-3.525429740132102197e+00
-5.497933574991467509e+00
-1.000000000000000000e+01
-4.824245007099519533e+00
-4.110260980603404057e+00
-9.599481241109515395e-01
-5.558490110353880853e-01
-7.934858019025896603e-01
8.835035236265207370e-01
-5.913982780120664806e+00
-1.712904618535855406e+00
-7.846008830854055427e-01
-3.482923210912427958e+00
-3.637327908112524266e+00
-4.438749881669227904e+00
-3.774836188247774782e+00
-4.669362796000565474e+00
-5.065477716303014688e+00
-6.799766932789859109e-01
-6.249770605409931123e-01
-7.954061621381975922e-01
1.451350152991228049e+00
-2.171465961996268679e-01
-2.055537373854102956e+00
-7.622411405625370007e-01
-5.798998132017230134e+00
-3.044041339957106906e+00
-4.927077626049560344e+00
-4.542200714245119286e+00
-5.316773757161938008e+00
-5.714000801977658917e+00
9.692331533878414951e-02
