1.980000000000000000e+02
2.058956256286958705e+03
4.867969829546804128e+00
1.893713117243699950e-01
9.849696836239104636e-01
1.000000000000000000e+00
9.589749586789209079e-01
9.486015716082755178e-01
9.498214430917737428e-01
9.509855683010273175e-01
9.515558962725776393e-01
9.338950626818212086e-01
9.653529797506302801e-01
9.503490209076284057e-01
9.779071317688878828e-01
9.723850354316651012e-01
-2.959423461556563772e+00
-1.699201139242219494e+00
-2.405358255776549825e+00
-1.611262762094192835e+00
-3.644534152887288325e+00
-2.640454114801951579e+00
-4.051565109676235288e+00
-2.480672254015199751e+00
-3.490798761021940866e+00
-3.508104580221398372e+00
-4.540064834730688226e+00
-3.591041815624224309e+00
2.047978647214898047e+03
1.868853959568428091e-01
1.178521320379692838e+02
6.852732231022038434e+01
9.803485738910910907e-01
1.000000000000000000e+00
9.739807586158011343e-01
9.488664083079438871e-01
9.620775752103672973e-01
9.580434140949531940e-01
9.581585084285483278e-01
9.349039191290222650e-01
9.656578451000954466e-01
9.518435034614400880e-01
9.765613744993770773e-01
9.714189130970247721e-01
-1.406194982049284059e+00
-8.999962571395755617e+00
-2.331629629586549068e+00
-1.587435304583858064e+00
-3.633680607575572985e+00
-2.665808080569686656e+00
-4.147684685004718652e+00
-2.103928229840339448e+00
-3.982839745988881575e+00
-3.341086413829937207e+00
-4.943795284432594528e+00
-4.121173502426455748e+00
1.002759298952251785e-02
-3.960748269283466683e-01
-1.912445519423157034e-02
7.006987609689979024e+01
8.941363681018545506e+00
1.476024180447532252e+01
