-6.936038400471586929e-01
-5.072418803917709829e-01
-8.858100339699206405e-01
2.337714417416459689e+00
2.080170506609654524e+00
-3.178994541638645366e+00
-3.065224943223689102e+00
-3.333461027926263753e+00
-3.596283708620948705e+00
-5.055126201497142091e+00
-3.702096117504154904e+00
-5.244989129876370448e+00
-4.114363124275154604e+00
-6.234253819415234155e+00
-3.753205278230427488e+00
-4.571327412479463170e+00
-4.449330637555262591e+00
-7.617651572928644255e-01
-5.012055096117530306e-01
-7.957302725285950729e-01
2.459434231910734958e+00
2.088827871403053926e+00
-2.987237558848255592e+00
-3.498761342808218711e+00
-3.137751108025884417e+00
-3.097836523750468807e+00
-5.259668494535558736e+00
-4.806478877897011337e+00
-4.787043653006272770e+00
-3.811499797643685294e+00
-5.035523747760653812e+00
-4.240366018064815279e+00
-4.180169091438163953e+00
-5.131419435235435422e+00
