2.298852902580639235e+00
4.695575101860439915e+00
3.139441303874059031e+03
2.332186235913972450e+00
4.728908435193773130e+00
3.138615010940543470e+03
2.332186235913972450e+00
4.762241768527106345e+00
3.138679406564561759e+03
2.332186235913972450e+00
4.795575101860439560e+00
3.138744932812696788e+03
2.332186235913972450e+00
4.828908435193773663e+00
3.138811292805167795e+03
2.332186235913972450e+00
4.862241768527106878e+00
3.138878480705445781e+03
2.332186235913972450e+00
4.895575101860440093e+00
3.138946492124171073e+03
2.332186235913972450e+00
4.928908435193773308e+00
3.139015322708892654e+03
2.332186235913972450e+00
4.962241768527106522e+00
3.139084968122161627e+03
2.332186235913972450e+00
4.995575101860439737e+00
3.139155424040427079e+03
2.332186235913972450e+00
5.028908435193772952e+00
3.139226686154047457e+03
2.332186235913972450e+00
5.062241768527107055e+00
3.139298750167309663e+03
2.332186235913972450e+00
5.095575101860440270e+00
3.139371611798452250e+03
2.332186235913972450e+00
5.128908435193773485e+00
3.139445266779676786e+03
2.332186235913972450e+00
5.162241768527106700e+00
3.139519710857170594e+03
2.332186235913972450e+00
4.695575101860439915e+00
3.138551050536520961e+03
2.332186235913972450e+00
4.728908435193773130e+00
3.138614712763835087e+03
2.332186235913972450e+00
4.762241768527106345e+00
3.138679404982451160e+03
2.332186235913972450e+00
4.795575101860439560e+00
3.138744932785091805e+03
2.332186235913972450e+00
4.828908435193773663e+00
3.138811292804001368e+03
2.332186235913972450e+00
4.862241768527106878e+00
3.138878480705438960e+03
2.332186235913972450e+00
4.895575101860440093e+00
3.138946492124170618e+03
2.332186235913972450e+00
4.928908435193773308e+00
3.139015322708892199e+03
2.332186235913972450e+00
4.962241768527106522e+00
3.139084968122161627e+03
2.332186235913972450e+00
4.995575101860439737e+00
3.139155424040427533e+03
2.332186235913972450e+00
5.028908435193772952e+00
3.139226686154047457e+03
2.332186235913972450e+00
5.062241768527107055e+00
3.139298750167309663e+03
2.332186235913972450e+00
5.095575101860440270e+00
3.139371611798452250e+03
2.332186235913972450e+00
5.128908435193773485e+00
3.139445266779676786e+03
2.332186235913972450e+00
5.162241768527106700e+00
3.139519710857170594e+03
2.365519569247306109e+00
4.695575101860439915e+00
3.137786791510563035e+03
2.332186235913972450e+00
4.728908435193773130e+00
3.138614368387619379e+03
2.332186235913972450e+00
4.762241768527106345e+00
3.138679402751024099e+03
2.332186235913972450e+00
4.795575101860439560e+00
3.138744932739497926e+03
2.332186235913972450e+00
4.828908435193773663e+00
3.138811292802567550e+03
2.332186235913972450e+00
4.862241768527106878e+00
3.138878480705430775e+03
2.332186235913972450e+00
4.895575101860440093e+00
3.138946492124170618e+03
2.332186235913972450e+00
4.928908435193773308e+00
3.139015322708892199e+03
2.332186235913972450e+00
4.962241768527106522e+00
3.139084968122161627e+03
2.332186235913972450e+00
4.995575101860439737e+00
3.139155424040427533e+03
2.332186235913972450e+00
5.028908435193772952e+00
3.139226686154047457e+03
2.332186235913972450e+00
5.062241768527107055e+00
3.139298750167309663e+03
2.332186235913972450e+00
5.095575101860440270e+00
3.139371611798452250e+03
2.332186235913972450e+00
5.128908435193773485e+00
3.139445266779676786e+03
2.332186235913972450e+00
5.162241768527106700e+00
3.139519710857171049e+03
2.398852902580639324e+00
4.695575101860439915e+00
3.137158093580636887e+03
2.332186235913972450e+00
4.728908435193773130e+00
3.138613992303809937e+03
2.332186235913972450e+00
4.762241768527106345e+00
3.138679400157047894e+03
2.332186235913972450e+00
4.795575101860439560e+00
3.138744932685885942e+03
2.332186235913972450e+00
4.828908435193773663e+00
3.138811292800925912e+03
2.332186235913972450e+00
4.862241768527106878e+00
3.138878480705420316e+03
2.332186235913972450e+00
4.895575101860440093e+00
3.138946492124171527e+03
2.332186235913972450e+00
4.928908435193773308e+00
3.139015322708892199e+03
2.332186235913972450e+00
4.962241768527106522e+00
3.139084968122161172e+03
2.332186235913972450e+00
4.995575101860439737e+00
3.139155424040427079e+03
2.332186235913972450e+00
5.028908435193772952e+00
3.139226686154047457e+03
2.332186235913972450e+00
5.062241768527107055e+00
3.139298750167309663e+03
2.332186235913972450e+00
5.095575101860440270e+00
3.139371611798452250e+03
2.332186235913972450e+00
5.128908435193773485e+00
3.139445266779676786e+03
2.332186235913972450e+00
5.162241768527106700e+00
3.139519710857170139e+03
2.432186235913972538e+00
4.695575101860439915e+00
3.136671786736189460e+03
2.332186235913972450e+00
4.728908435193773130e+00
3.138613584216499476e+03
2.332186235913972450e+00
4.762241768527106345e+00
3.138679397206424255e+03
2.332186235913972450e+00
4.795575101860439560e+00
3.138744932624315425e+03
2.332186235913972450e+00
4.828908435193773663e+00
3.138811292799077819e+03
2.332186235913972450e+00
4.862241768527106878e+00
3.138878480705408037e+03
2.332186235913972450e+00
4.895575101860440093e+00
3.138946492124171073e+03
2.332186235913972450e+00
4.928908435193773308e+00
3.139015322708892199e+03
2.332186235913972450e+00
4.962241768527106522e+00
3.139084968122161627e+03
2.332186235913972450e+00
4.995575101860439737e+00
3.139155424040427533e+03
2.332186235913972450e+00
5.028908435193772952e+00
3.139226686154047457e+03
2.332186235913972450e+00
5.062241768527107055e+00
3.139298750167309663e+03
2.332186235913972450e+00
5.095575101860440270e+00
3.139371611798452250e+03
2.332186235913972450e+00
5.128908435193773485e+00
3.139445266779676786e+03
2.332186235913972450e+00
5.162241768527106700e+00
3.139519710857170594e+03
