5.000000000000000000e+03
3.720154868868312042e+04
5.056230474076665260e+00
9.905682351272597774e-01
1.000000000000000000e+00
9.581860374079685938e-01
9.648064731280824313e-01
9.116063966557251819e-01
9.168250551246099889e-01
8.761849294465625659e-01
8.772471203956972996e-01
8.559117925493834322e-01
8.608153736870086670e-01
8.407570285902851159e-01
8.482991580456233915e-01
-4.622611709570006333e+00
-1.565622063288919064e+00
-3.479580648082647443e+00
-3.840241401819612488e+00
-2.897287098024526664e+00
-3.203814784593985721e+00
-2.705742081945476940e+00
-2.831309316364862827e+00
-2.303969257587763497e+00
-2.602904760055156252e+00
-2.182957632357529487e+00
-2.263593508194238879e+00
5.614084311641171610e+00
4.908793276590412091e+00
5.054387842320252844e+00
5.079246235134244003e+00
5.160610913953054713e+00
5.037208584774262476e+00
4.906296352136291006e+00
5.310201199844451381e+00
4.645045580965788012e+00
5.340258088683811799e+00
3.720038291222923726e+04
6.221289736472536802e+00
1.418931645669241348e+00
9.896380030225937485e-01
1.000000000000000000e+00
9.572750092730087923e-01
9.640129713110476839e-01
9.124983923263886298e-01
9.168682443553004546e-01
8.778295505947844024e-01
8.781245395194210435e-01
8.566862017264295082e-01
8.614886689617600180e-01
8.403360832606898700e-01
8.481612505697578852e-01
-4.515874949747615830e+00
-1.569856836312516712e+00
-3.485925989055169705e+00
-3.860436274037804871e+00
-2.916858800073876434e+00
-3.225048626526711537e+00
-2.710048576213593741e+00
-2.837702103828766642e+00
-2.297064332564916711e+00
-2.601172493335843328e+00
-2.167193225007429280e+00
-2.253236287855497455e+00
1.119818216264220796e-02
5.072950812017675837e-01
4.430301204889514066e-01
5.180924693787680724e-01
6.975258041284088328e+00
6.747488892541029237e+00
6.150821430535319934e+00
5.113741793724926765e+00
5.199276686641709944e+00
5.209861350197817487e+00
4.962729032520551087e+00
5.163705585389831931e+00
4.544556766091721656e+00
5.358203720263592373e+00
