-2.318902518834389692e+00
-1.279417011360465484e+00
-4.132199150211233629e+00
-2.734470682444013701e+00
-3.489527955532474746e+00
-5.449236730695352193e+00
-4.423163138023023855e+00
-4.185033893306385977e+00
-1.941489602583131857e+00
-1.261516545653293520e+00
-4.931137085080793625e+00
-2.291929869996975011e+00
-4.750927149335985256e+00
-2.709261997332699234e+00
-4.768272452114008075e+00
-5.231970436441301331e+00
-2.020245692594901499e+00
-1.230370017520128645e+00
-3.940840701798420831e+00
-2.125542727799532905e+00
-5.786293628404928668e+00
-5.440076543914338814e+00
-4.820293712580030920e+00
-1.500053105811503418e+00
-2.073278042723899706e+00
-1.292501670174261541e+00
-4.340463168605120714e+00
-5.529166484743938348e+00
-5.522399264673932606e+00
-5.821266901419870798e+00
-6.165070183273559046e+00
-2.077572354622922113e+00
-1.392283753584079742e+00
-1.273758420608538389e+00
-1.875232535834787884e+00
-2.181653097765759775e+00
-5.700044364449294854e+00
-4.125102603253598232e+00
-5.023064126396799445e+00
-2.071214447688988436e+00
-1.388580230958390116e+00
-1.212859153300417381e+00
-4.008043788198905943e+00
-3.261223059300477622e+00
-5.814215202801342741e+00
-4.641419099870967457e+00
-4.619652730546068398e+00
-4.778013617558702464e+00
-1.930533224320793773e+00
-1.231436023882109154e+00
-4.361866394877429443e+00
-2.484297664407127293e+00
-6.620053198758994562e+00
-5.102068792812366027e+00
-4.296453829174074812e+00
-2.101212256596213024e+00
-2.013062058791027731e+00
-1.643562691874628889e+00
-4.071612885853514108e+00
-2.774380940801748796e+00
-6.324563197708075180e+00
-6.139303314367125175e+00
-6.605095594968211969e+00
-1.581454828218671116e+00
-1.989112030806666764e+00
-1.379605675417032273e+00
-4.769094286337235644e+00
-3.959565880813544769e+00
-5.349568321693109141e+00
-5.927177555198410275e+00
-4.906880969873438580e+00
-4.631115694927150805e+00
-1.981312852243505285e+00
-1.703962024570710110e+00
-3.091903410014662068e+00
-2.966075611804151801e+00
-4.651145217340949323e+00
-3.331723536879349190e+00
-4.965371793643842402e+00
-5.341801268195956354e+00
-2.066451195567291066e+00
-1.788840486584599487e+00
-4.472776970349627845e+00
-2.086235773085294731e+00
-5.396431340493888840e+00
-4.453342619279276882e+00
-6.497041639028127591e+00
-6.589447262387379212e+00
-6.918501059238287842e-01
-7.522700469516635513e-01
-3.124035876190593530e+00
-2.130101111797218394e+00
-4.696479494269087951e+00
-3.845734439931378201e+00
-6.547713597778638928e+00
-6.564695645104158039e+00
-1.130685259869367076e+00
-5.339558661060807010e-01
-1.441626984299089420e+00
-1.575182580543719402e+00
-6.465632807095735402e+00
-5.379989511223017828e+00
-6.687412913329804809e+00
-6.827067890957613017e+00
-1.645465180468381972e+00
-5.337172984357257954e-01
-2.028256263039700524e+00
-2.072992255126306027e+00
-6.709570146788273348e+00
-5.599089730014208399e+00
-6.201856335846307466e+00
-6.376462820212610794e+00
-6.809603671053058305e-01
-5.666457457255492658e-01
-9.638401937838616540e-01
8.933849148556955999e-01
-3.411344100536265245e+00
