-1.592541391630356129e+00
-1.410280725511235511e+00
-1.859129073694361978e+00
-1.694716834351642998e+00
-5.967907351204176258e+00
-4.149533774837433242e+00
-5.325595507662683303e+00
-1.870158075816979570e+00
-2.138426224633868777e+00
-1.330079362800128395e+00
-4.024820616015726493e+00
-2.867856230254723471e+00
-3.328861322482903784e+00
-5.527877776168786284e+00
-4.414644495168245086e+00
-4.519473027700584566e+00
-1.732685744623004398e+00
-1.275318178105244282e+00
-4.549882344470081996e+00
-5.860837156837653161e+00
-5.601074713161392715e+00
-6.214704732256636888e+00
-6.160533257107335459e+00
-2.487736610054324782e+00
-2.173406665564141083e+00
-1.312172756590817002e+00
-3.856394206472725017e+00
-2.931083578107402499e+00
-6.233936124530187861e+00
-5.914032068723754421e+00
-6.957033375708613576e+00
-2.236570120971824949e+00
-1.830341258502357293e+00
-1.348077715983050373e+00
-3.908240461939844312e+00
-2.866050133826539170e+00
-5.795174409144262739e+00
-5.425974472997451059e+00
-4.619484428163535661e+00
-2.205173531470231651e+00
-1.740464332237721345e+00
-1.317668585278406468e+00
-5.291097277843259228e+00
-3.007590892219059064e+00
-4.680695280716111739e+00
-2.738058276686401449e+00
-4.829061374708590648e+00
-5.647686046959488060e+00
-1.439716755320540997e+00
-1.376231798269841100e+00
-4.323672398346969814e+00
-2.826797756164776576e+00
-7.336835391088206038e+00
-4.958741881173075683e+00
-3.933059878936110643e+00
-2.219071467191976232e+00
-1.444648475234231455e+00
-1.332225038053285626e+00
-3.546649980443078221e+00
-2.914695074515603945e+00
-5.713003636384098805e+00
-4.527238957488338045e+00
-4.502092610438465314e+00
-4.692909462226152684e+00
-1.738581767567506153e+00
-1.643933715398478324e+00
-4.975452607211358291e+00
-4.108241511545241309e+00
-5.469535643639066080e+00
-6.062966924343783148e+00
-4.933044591985046523e+00
-4.100433427658357388e+00
-1.854593004987565408e+00
-1.626257214127774464e+00
-3.916109843388254852e+00
-3.568018307130033762e+00
-4.670927955577132806e+00
-3.242605977285720975e+00
-4.964114150528000202e+00
-5.498127709777880234e+00
-2.024803909443893879e+00
-1.479110462254888070e+00
-6.922221725700653749e+00
-2.326699179966716269e+00
-5.537202825487089086e+00
-4.373703502890838202e+00
-6.489436818399727969e+00
-7.179232096268009400e+00
-6.257278299453096215e-01
-8.552524456120896845e-01
-4.116100977261935689e+00
-3.500737296112964358e+00
-4.191504180247791034e+00
-3.817858028265214809e+00
-8.258442001320453585e+00
-9.446037369297837216e+00
-1.436327241908605723e+00
-5.829443181010939279e-01
-1.503563023159010248e+00
-2.713289039382909884e+00
-1.069047155909944280e+01
-5.486084935803820173e+00
-7.902441690033685795e+00
-1.013932833242965970e+01
-2.430736897057096613e+00
-5.904780320254315873e-01
-1.736453463466191005e+00
-5.124026222633110805e+00
-1.034159578149593983e+01
-4.774138037273805146e+00
-1.060553813303419091e+01
-8.765597301582486622e+00
-6.706704440010102797e-01
-5.663519682815659761e-01
-9.270370503216028846e-01
7.772519849907006950e-01
-2.035186783473211525e-01
3.764794267261186711e-01
