-5.142348424876663771e-01
-7.556741822956618559e-01
-6.964842589122161032e-01
-2.034399437203159369e-02
-5.982287265114340613e+00
-5.552626347721123068e+00
-6.055754838439303178e+00
-5.996716336331655128e+00
-6.163551985184297699e+00
-6.194081902645367954e+00
-6.048763542855725817e+00
-6.136361244614189303e+00
-7.080064555149946370e-01
-8.380273555579507150e-01
-7.922689662251838350e-01
-3.754126945195759846e-02
-5.693536309195657452e+00
-5.895652781652773733e+00
-5.785242748877729824e+00
-5.780230487629614444e+00
-6.218022940483324490e+00
-6.123926314180748065e+00
-5.651465818844624067e+00
-6.077466365536849047e+00
-1.081145588077798481e+00
-7.406132762678316883e-01
-7.264631906169971565e-01
1.050943507590625520e-01
-5.638628006578196405e+00
-5.700981339897993827e+00
-5.828985426450523200e+00
-5.487914909471574454e+00
-6.217958149756919184e+00
-6.146558865852988163e+00
-6.058522069677431787e+00
-5.848892486457079265e+00
-7.308219978768178970e-01
-6.809836223304291947e-01
-9.784745099264575696e-01
1.859603865730924954e-01
-5.484987622839793353e+00
-5.547455341823722463e+00
-6.019758733635569570e+00
-6.057567357088175619e+00
-6.210050295326696279e+00
-6.182896464819071625e+00
-5.978436479029491046e+00
-5.904339021811781052e+00
-1.261598970431352384e+00
-7.908065480699002503e-01
-9.855550283732775751e-01
8.620980509246950474e-02
-5.263448098803359620e+00
-5.569472456619172007e+00
-5.871207728180246832e+00
-5.797150017568119651e+00
-6.201644642518891359e+00
-6.088955327354705460e+00
-5.630960994331283054e+00
-5.889812667237412924e+00
-6.246317166019308420e-01
-8.175562507383813404e-01
-8.382150468637885599e-01
-6.887003616532315353e-02
-5.701246287322992323e+00
-5.538619095912138413e+00
-6.120097133874645934e+00
-6.061398345985427483e+00
-6.184438194192911631e+00
-6.185826278282064550e+00
-6.135681211512867606e+00
-6.123796708580974801e+00
-1.218636597205725591e+00
-7.897598422027486409e-01
-1.160205195061714267e+00
1.670747306798839593e-01
-5.566974065653484516e+00
-5.355488875248422431e+00
-6.090904316318374256e+00
-5.960564159303262777e+00
-6.199594679558317445e+00
-6.171169982348893690e+00
-6.106468251366926836e+00
-5.577546892697268888e+00
-7.875447699403600454e-01
-7.527070428120300472e-01
-1.185229836355946809e+00
1.850051812469477308e-01
-5.238315764579784428e+00
-5.642038289862659539e+00
-5.697931704881699311e+00
-5.764201659607305572e+00
-6.191043198720678653e+00
-6.110052646735391946e+00
-5.443580766784727132e+00
-5.876502239647733106e+00
-8.389362695922866209e-01
-7.399625269529155336e-01
-8.161032783992541173e-01
1.180637126277552101e-01
-5.432076241139359496e+00
-5.049406226909400885e+00
-6.176561317152369668e+00
-6.088142573684427461e+00
-6.183970421038650578e+00
-6.108703231371910292e+00
-6.170655522536266702e+00
-5.984387894681721498e+00
-1.064996144517511789e+00
-8.903230875987772075e-01
-1.195963767005490341e+00
3.543099899026800892e-01
-4.698902831775208178e+00
-4.982254370760707651e+00
-6.132019286639907918e+00
-6.061178992823315070e+00
-6.205300194083015697e+00
-6.121832994315956178e+00
-6.123064434468665773e+00
-5.370330824929360425e+00
-1.454997573475061090e+00
-7.573671512144344309e-01
-1.219017089766961881e+00
3.698298272670730302e-01
-4.996797187033707566e+00
-5.279087226770541541e+00
-6.058879253791060293e+00
-6.032608722925568934e+00
-6.194820965577327421e+00
-6.165083271189071290e+00
-6.116166490792214638e+00
-5.455226367077200322e+00
-1.646210834523891497e+00
-8.422610175565419244e-01
-1.070784088572833470e+00
4.986363903977679424e-02
-5.201415909805810145e+00
-5.414309889132012721e+00
-6.145267636305200121e+00
-6.101024784105621102e+00
-6.202052760241744345e+00
-6.168793641168367259e+00
-6.184586507626932850e+00
-6.107457270368870539e+00
-1.498109888802012124e+00
-7.733175224125785618e-01
-9.288258285669004355e-01
-1.478667405580217156e-02
-5.568161388858738015e+00
-5.840955686244730494e+00
-6.190320312546512049e+00
-6.155656767559633202e+00
-6.219002181609215363e+00
-6.229009893100776019e+00
-6.202762467470759766e+00
-6.178319878822254196e+00
-1.679165346521692692e+00
-8.579661091715473642e-01
-7.518935620228875960e-01
5.712874359555925041e-02
-5.612388266842381235e+00
-5.670366192521665738e+00
-6.116128230730978999e+00
-6.112008950742225721e+00
-6.181641722153970342e+00
-6.140678230956606143e+00
-6.195217675725830375e+00
-6.208961523708598662e+00
-1.013645947437462613e+00
-6.820692404748158744e-01
-7.842609380278955378e-01
7.504709769948598730e-01
-5.257469123869757510e+00
-4.787758401168927591e+00
-6.106792894367498725e+00
-5.773224853161394776e+00
-6.160335384190978480e+00
-6.128344676172024386e+00
-6.195165703556165582e+00
-6.219909265496052164e+00
-2.690014719231161311e-01
-5.743249087952494447e-01
-2.856247110604050565e+00
8.068733977837638793e-01
-1.199547727957969157e+00
-2.642850247869734659e+00
-5.962731166976960040e+00
-5.645189620066159542e+00
-6.017641461381963985e+00
-5.967042701232688984e+00
-6.160091891113728124e+00
-6.197757881670575841e+00
-2.102452763449037754e+00
-3.476390962082604452e-01
-3.055135204095618562e+00
1.163667787379298213e+00
-3.139363523050253679e+00
-1.149311320406491754e+00
-5.752246213939005592e+00
-5.609538342789448073e+00
-6.196373478496884246e+00
-6.011887110855168359e+00
-6.124920239979736003e+00
-6.153055575840125080e+00
-1.790473600961202338e+00
-1.059466594727491717e+00
-3.334165553486335476e+00
1.309779980068956240e+00
-9.432778668505987785e-01
-1.321344575756802087e+00
-5.739164916499341906e+00
-5.514877047817303257e+00
-6.175367593968716484e+00
-5.986236148219169273e+00
-6.156369989486437433e+00
-6.124688081320619482e+00
2.337086273241988366e+00
