-1.451501748944874937e+00
-1.313774597503179598e+00
-4.054565719771003884e+00
-3.081043814376197787e+00
-3.747855825809013108e+00
-5.363078620900740390e+00
-4.370490491959031054e+00
-4.099908297645175281e+00
-1.728968180880011474e+00
-1.234711555110750369e+00
-5.179998949011096698e+00
-4.496980010875464728e+00
-5.143070286195571938e+00
-5.671619913210949271e+00
-5.342581133576421060e+00
-2.413473002197398909e+00
-1.596044692830946410e+00
-1.305703934791606180e+00
-2.248934551213026101e+00
-1.692365380526380525e+00
-4.984998881659012504e+00
-3.900584557520619278e+00
-2.613750728214787156e+00
-3.255747097482243113e+00
-1.349082140588659051e+00
-1.143706161403455379e+00
-2.277719148908853075e+00
-1.791959647356553109e+00
-5.085675823154480746e+00
-4.798094552909433652e+00
-5.178851409526957106e+00
-2.151159142847215655e+00
-1.560855455694240446e+00
-1.481067631277196428e+00
-5.026863951804657837e+00
-4.589234915731743136e+00
-5.086471182696602256e+00
-5.822105869778616771e+00
-5.344332005949874898e+00
-2.270078722972137086e+00
-1.402490343116425064e+00
-1.191463186405223640e+00
-2.155706563888419414e+00
-1.552077790703933369e+00
-5.100654274784901965e+00
-4.136753907808319752e+00
-2.215699374631712182e+00
-3.880081619154509109e+00
-1.523025038044936830e+00
-1.250047525045288710e+00
-2.601848769455084920e+00
-2.141408034417938033e+00
-4.761726229167219770e+00
-3.121842938965407210e+00
-2.685921035457880635e+00
-2.924602781145366759e+00
-1.221156660357514134e+00
-1.267245123846716615e+00
-4.782274913502882363e+00
-4.090991564291095450e+00
-5.087682759347308625e+00
-4.806785271958763595e+00
-4.346171369948038432e+00
-2.295861914092852007e+00
-1.257036070026335661e+00
-1.269573875666672125e+00
-5.223492741068664458e+00
-4.589324479872042062e+00
-4.974692286169716482e+00
-3.364248734911909899e+00
-5.110654876500883681e+00
-5.258746040001946120e+00
-1.480226771863456525e+00
-1.486217479479338799e+00
-4.094493343095630067e+00
-3.448542750763662124e+00
-4.752529761194761448e+00
-4.692127723553167762e+00
-5.127072216120791559e+00
-4.937469248840309355e+00
-1.246109653494648528e+00
-1.193296595154194284e+00
-5.133130626446321898e+00
-4.418754542848173372e+00
-5.059202840051993277e+00
-5.229943245314306211e+00
-5.101162987733372844e+00
-2.381388156833366132e+00
-1.642741216548126548e+00
-1.267196519550254807e+00
-5.115594857220205682e+00
-4.513617029938997049e+00
-5.038252324908722102e+00
-4.913289299094792284e+00
-4.992283655803368525e+00
-4.881931905622727719e+00
-1.431785786108918712e+00
-1.474618378039644684e+00
-4.815221284838583138e+00
-4.358494219530759217e+00
-5.077081220591249888e+00
-5.668004126258217035e+00
-4.884286234105331026e+00
-4.336824110103434826e+00
-1.483324564314212335e+00
-1.320048762099975015e+00
-5.063676707523793397e+00
-3.503452787714862016e+00
-4.991756965850147942e+00
-4.761319832604550051e+00
-5.274239077913067675e+00
-5.312060941423497162e+00
-1.655002393808765460e+00
-1.577494362882090106e+00
-3.431187830846645248e+00
-4.272957484901666270e+00
-4.971550744636839880e+00
-4.272153347616911567e+00
-5.149659019102903912e+00
-5.434756311294978381e+00
-2.855746047401966359e-01
-5.308039708485711161e-01
-5.161906207113799105e+00
-4.371584885826651501e+00
-4.823384270681103203e+00
-3.092115726422377087e+00
-5.247874524003982799e+00
-5.335505881538239237e+00
-2.725830149894726273e-01
-8.709141241772810904e-02
-5.054075068833971507e+00
-4.243366029265088102e+00
-5.134772519205829333e+00
-4.526319482301691011e+00
-5.473804847141304997e+00
-5.512161096602270938e+00
-1.544503341816100717e+00
-4.657305804616065914e-02
-4.615165083403290680e+00
-4.331340559832400849e+00
-5.189644108106146625e+00
-4.830514304748095178e+00
-5.416512497056023889e+00
-5.469558775341797130e+00
-6.710024529557986339e-01
-5.468254191979752266e-01
-9.367921090341331247e-01
8.093098408060088733e-01
-8.367397860314127467e-01
1.406952601272958958e+00
