1.360000000000000000e+02
2.809920164832222955e+00
8.442365266900887733e+00
5.601554444186652298e-02
2.388366712542318027e+00
0.000000000000000000e+00
3.553950863656343717e+00
3.085142577408189091e+00
2.355554933519647509e+00
4.904328064937978127e+00
1.994830593240376260e+00
2.263896745174589054e+00
3.045910730904605845e+00
1.472167225478063779e+00
3.578570521526206694e+00
2.060463946705426430e+00
0.000000000000000000e+00
0.000000000000000000e+00
2.500000000000000000e-01
0.000000000000000000e+00
5.000000000000000000e-01
2.500000000000000000e-01
2.500000000000000000e-01
2.500000000000000000e-01
0.000000000000000000e+00
0.000000000000000000e+00
0.000000000000000000e+00
0.000000000000000000e+00
1.250000000000000000e+00
1.250000000000000000e+00
1.050000000000000000e+01
1.175000000000000000e+01
2.200000000000000000e+01
1.725000000000000000e+01
2.650000000000000000e+01
2.725000000000000000e+01
2.850000000000000000e+01
3.375000000000000000e+01
2.725000000000000000e+01
3.025000000000000000e+01
1.783808518829384515e-01
0.000000000000000000e+00
1.577052468396679075e+01
1.477513665281561472e+01
5.334042339467227833e+00
8.381685442262032382e+00
3.050618419770959822e+00
6.495636317942187432e+00
7.404687705786384688e-01
5.955113069572306017e+00
1.000574296758041903e+01
3.079732234374445099e+00
1.713209129868545344e-02
2.160940279654390839e-01
1.680805151269779418e-01
1.621828098011270924e-01
5.131814178322542663e-02
4.871981282875538499e-02
2.856205844070255906e-02
5.296047356906889714e-02
4.236222681030484168e-03
5.975290838354791606e-02
5.245865548541368134e-02
2.510774007269223063e-02
4.356082904991182225e+00
0.000000000000000000e+00
2.617309337575844097e+01
2.945472874797420815e+01
4.405229343919577190e+01
3.503815971555289366e+01
5.349574938693217518e+01
5.413722625523888610e+01
5.738659999525962263e+01
6.769730558011167432e+01
5.329912162267982723e+01
5.953054101659547825e+01
6.103162489406058211e-02
0.000000000000000000e+00
4.065349974551886625e+00
1.329189906172950408e+00
1.311721995499842253e+00
7.276879955434375491e-01
8.207776490111460266e-01
7.062037730842858352e-01
7.076752397107417651e-04
6.774642040209765195e-03
5.597665113129399878e-03
1.187854223621143644e-03
