-7.203480712676427755e-01
-6.949528902205582837e-01
-9.316464654921325916e-01
-1.087177297014970678e-01
-1.655307360713413223e+00
-4.562357349419299268e+00
-4.562357349419299268e+00
-4.562357349419299268e+00
-4.562357349419299268e+00
-4.567364757442388346e+00
-4.573703885491659626e+00
-4.567075860797656262e+00
-4.568320791191622376e+00
-4.581144242435495784e+00
-4.562357349419299268e+00
-4.562357349419299268e+00
-4.565467858348355890e+00
-7.203480712676427755e-01
-6.949528902205582837e-01
-9.316464654921325916e-01
-1.087177297014970678e-01
-1.655307360713413223e+00
-4.562357349419299268e+00
-4.562357349419299268e+00
-4.562357349419299268e+00
-4.562357349419299268e+00
-4.567364757442388346e+00
-4.573703885491659626e+00
-4.567075860797656262e+00
-4.568320791191622376e+00
-4.581144242435495784e+00
-4.562357349419299268e+00
-4.562357349419299268e+00
-4.565467858348355890e+00
-8.530582038270537737e-01
-6.949528902205582837e-01
-9.324790128214331952e-01
-1.087177297014970678e-01
-1.808931347799989320e+00
-4.562357349419299268e+00
-4.578158317487221574e+00
-4.562357349419299268e+00
-4.562357349419299268e+00
-4.570118356954730565e+00
-4.562357349419299268e+00
-4.572864284864160744e+00
-4.562357349419299268e+00
-4.600763175608775235e+00
-4.562357349419299268e+00
-4.568812285387460648e+00
-4.562357349419299268e+00
-8.530582038270537737e-01
-6.949528902205582837e-01
-9.324790128214331952e-01
-1.087177297014970678e-01
-1.808931347799989320e+00
-4.562357349419299268e+00
-4.578158317487221574e+00
-4.562357349419299268e+00
-4.562357349419299268e+00
-4.570118356954730565e+00
-4.562357349419299268e+00
-4.572864284864160744e+00
-4.562357349419299268e+00
-4.600763175608775235e+00
-4.562357349419299268e+00
-4.568812285387460648e+00
-4.562357349419299268e+00
-8.533663988300359549e-01
-6.949528902205582837e-01
-8.881255772784172331e-01
-1.087177297014970678e-01
-1.767822586962496834e+00
-4.562357349419299268e+00
-4.562357349419299268e+00
-4.562357349419299268e+00
-4.562357349419299268e+00
-4.562357349419299268e+00
-4.562357349419299268e+00
-4.562397229599072901e+00
-4.562357349419299268e+00
-4.604162931818186699e+00
-4.562357349419299268e+00
-4.567976721530928153e+00
-4.562357349419299268e+00
-8.533663988300359549e-01
-6.949528902205582837e-01
-8.881255772784172331e-01
-1.087177297014970678e-01
-1.767822586962496834e+00
-4.562357349419299268e+00
-4.562357349419299268e+00
-4.562357349419299268e+00
-4.562357349419299268e+00
-4.562357349419299268e+00
-4.562357349419299268e+00
-4.562397229599072901e+00
-4.562357349419299268e+00
-4.604162931818186699e+00
-4.562357349419299268e+00
-4.567976721530928153e+00
-4.562357349419299268e+00
-8.540085811061071119e-01
-6.949528902205582837e-01
-9.761851231331102330e-01
-1.087177297014970678e-01
-1.663485184572455644e+00
-4.562357349419299268e+00
-4.562357349419299268e+00
-4.562357349419299268e+00
-4.562357349419299268e+00
-4.562357349419299268e+00
-4.562357349419299268e+00
-4.589428549067194218e+00
-4.562357349419299268e+00
-4.568297743182013981e+00
-4.562357349419299268e+00
-4.562357349419299268e+00
-4.591994837849620481e+00
-8.540085811061071119e-01
-6.949528902205582837e-01
-9.761851231331102330e-01
-1.087177297014970678e-01
-1.663485184572455644e+00
-4.562357349419299268e+00
-4.562357349419299268e+00
-4.562357349419299268e+00
-4.562357349419299268e+00
-4.562357349419299268e+00
-4.562357349419299268e+00
-4.589428549067194218e+00
-4.562357349419299268e+00
-4.568297743182013981e+00
-4.562357349419299268e+00
-4.562357349419299268e+00
-4.591994837849620481e+00
-6.525132809583318316e-01
-6.949528902205582837e-01
-8.881255772784172331e-01
-1.087177297014970678e-01
-1.615803467321342168e+00
-4.562357349419299268e+00
-4.562357349419299268e+00
-4.562357349419299268e+00
-4.562357349419299268e+00
-4.587504829760040259e+00
-4.562357349419299268e+00
-4.562357349419299268e+00
-4.562357349419299268e+00
-4.562357349419299268e+00
-4.562357349419299268e+00
-4.562357349419299268e+00
-4.579001812532807136e+00
-6.525132809583318316e-01
-6.949528902205582837e-01
-8.881255772784172331e-01
-1.087177297014970678e-01
-1.615803467321342168e+00
-4.562357349419299268e+00
-4.562357349419299268e+00
-4.562357349419299268e+00
-4.562357349419299268e+00
-4.587504829760040259e+00
-4.562357349419299268e+00
-4.562357349419299268e+00
-4.562357349419299268e+00
-4.562357349419299268e+00
-4.562357349419299268e+00
-4.562357349419299268e+00
-4.579001812532807136e+00
-8.394391046549382063e-01
-6.949528902205582837e-01
-8.983306580691274856e-01
-1.087177297014970678e-01
-1.736059100890769535e+00
-4.562357349419299268e+00
-4.562357349419299268e+00
-4.562357349419299268e+00
-4.562357349419299268e+00
-4.564422057204878591e+00
-4.574364884402801756e+00
-4.572495808289529506e+00
-4.562357349419299268e+00
-4.579031885045543149e+00
-4.562357349419299268e+00
-4.584485163295197729e+00
-4.584044078151911172e+00
-8.394391046549382063e-01
-6.949528902205582837e-01
-8.983306580691274856e-01
-1.087177297014970678e-01
-1.736059100890769535e+00
-4.562357349419299268e+00
-4.562357349419299268e+00
-4.562357349419299268e+00
-4.562357349419299268e+00
-4.564422057204878591e+00
-4.574364884402801756e+00
-4.572495808289529506e+00
-4.562357349419299268e+00
-4.579031885045543149e+00
-4.562357349419299268e+00
-4.584485163295197729e+00
-4.584044078151911172e+00
-8.679309770123643242e-01
-6.949528902205582837e-01
-9.887320331119120453e-01
-1.087177297014970678e-01
-1.782404789862731764e+00
-4.562357349419299268e+00
-4.562357349419299268e+00
-4.562357349419299268e+00
-4.562357349419299268e+00
-4.562357349419299268e+00
-4.562357349419299268e+00
-4.568924187693373717e+00
-4.562357349419299268e+00
-4.590334913778378656e+00
-4.562357349419299268e+00
-4.562357349419299268e+00
-4.573959295092874910e+00
-8.679309770123643242e-01
-6.949528902205582837e-01
-9.887320331119120453e-01
-1.087177297014970678e-01
-1.782404789862731764e+00
-4.562357349419299268e+00
-4.562357349419299268e+00
-4.562357349419299268e+00
-4.562357349419299268e+00
-4.562357349419299268e+00
-4.562357349419299268e+00
-4.568924187693373717e+00
-4.562357349419299268e+00
-4.590334913778378656e+00
-4.562357349419299268e+00
-4.562357349419299268e+00
-4.573959295092874910e+00
7.215381397107623052e-01
