-8.681683915211719782e-01
-5.662871115734875449e-01
-1.203917050283753287e+00
3.165023088605570800e-01
-2.406492438070311657e+00
-4.106999466981681834e+00
-4.075026168076646194e+00
-4.062514280222417895e+00
-3.972927162431576953e+00
-4.277500241601043030e+00
-4.182647120635253124e+00
-4.215586018199003249e+00
-4.105116862466732464e+00
-4.376596173703154236e+00
-4.108753525662423911e+00
-4.137329820311877349e+00
-4.247246490262308605e+00
-8.681683915211719782e-01
-5.662871115734875449e-01
-1.203917050283753287e+00
3.165023088605570800e-01
-2.406492438070311657e+00
-4.106999466981681834e+00
-4.075026168076646194e+00
-4.062514280222417895e+00
-3.972927162431576953e+00
-4.277500241601043030e+00
-4.182647120635253124e+00
-4.215586018199003249e+00
-4.105116862466732464e+00
-4.376596173703154236e+00
-4.108753525662423911e+00
-4.137329820311877349e+00
-4.247246490262308605e+00
-8.685281229140666692e-01
-5.713982847206767746e-01
-1.213334251564395672e+00
3.136888191428857109e-01
-2.095409794190643549e+00
-4.104580932765935941e+00
-4.089054724094391524e+00
-4.066672616686185293e+00
-3.984342337984771998e+00
-4.129170858659599652e+00
-4.132435391547215175e+00
-4.228160211169430305e+00
-4.119226125627230672e+00
-4.408528712433237295e+00
-4.124069608418734489e+00
-4.137359696298749334e+00
-4.145085097000315244e+00
-8.685281229140666692e-01
-5.713982847206767746e-01
-1.213334251564395672e+00
3.136888191428857109e-01
-2.095409794190643549e+00
-4.104580932765935941e+00
-4.089054724094391524e+00
-4.066672616686185293e+00
-3.984342337984771998e+00
-4.129170858659599652e+00
-4.132435391547215175e+00
-4.228160211169430305e+00
-4.119226125627230672e+00
-4.408528712433237295e+00
-4.124069608418734489e+00
-4.137359696298749334e+00
-4.145085097000315244e+00
-6.872268424614698112e-01
-6.010418894378108945e-01
-1.229655312339212880e+00
3.104290674916319048e-01
-2.056085738891347603e+00
-4.104886734477185328e+00
-4.088467224378814713e+00
-4.065092739449219117e+00
-3.983322410096688859e+00
-4.185350030806091581e+00
-4.186678993417810801e+00
-4.284048573335281773e+00
-4.197164892661723989e+00
-4.432256995328945237e+00
-4.125839059853515067e+00
-4.140033716306507294e+00
-4.203276350151748275e+00
-6.872268424614698112e-01
-6.010418894378108945e-01
-1.229655312339212880e+00
3.104290674916319048e-01
-2.056085738891347603e+00
-4.104886734477185328e+00
-4.088467224378814713e+00
-4.065092739449219117e+00
-3.983322410096688859e+00
-4.185350030806091581e+00
-4.186678993417810801e+00
-4.284048573335281773e+00
-4.197164892661723989e+00
-4.432256995328945237e+00
-4.125839059853515067e+00
-4.140033716306507294e+00
-4.203276350151748275e+00
-9.447988213354794329e-01
-5.535456005946205460e-01
-1.191483707415317062e+00
3.119910334392734241e-01
-1.981768370785021993e+00
-4.109474329945433269e+00
-4.079509452487176446e+00
-4.063419754685441809e+00
-3.978046988715322474e+00
-4.168725379525896280e+00
-4.144696228779832126e+00
-4.410465055397153833e+00
-4.130757273138646823e+00
-4.374292801324762614e+00
-4.130850708516966563e+00
-4.147613142038077072e+00
-4.354572786186131417e+00
-9.447988213354794329e-01
-5.535456005946205460e-01
-1.191483707415317062e+00
3.119910334392734241e-01
-1.981768370785021993e+00
-4.109474329945433269e+00
-4.079509452487176446e+00
-4.063419754685441809e+00
-3.978046988715322474e+00
-4.168725379525896280e+00
-4.144696228779832126e+00
-4.410465055397153833e+00
-4.130757273138646823e+00
-4.374292801324762614e+00
-4.130850708516966563e+00
-4.147613142038077072e+00
-4.354572786186131417e+00
-5.868904757815560647e-01
-6.337724747551443105e-01
-1.253000609144632183e+00
2.866326308824332370e-01
-1.993405938372086794e+00
-4.111279332230705741e+00
-4.096003466568672202e+00
-4.074576448942948126e+00
-4.009574163728962581e+00
-4.139479074351502419e+00
-4.146735207711799376e+00
-4.247572917940109605e+00
-4.143755873915530685e+00
-4.325382491850062294e+00
-4.126030856225885834e+00
-4.334846314183839588e+00
-4.201328287009776119e+00
-5.868904757815560647e-01
-6.337724747551443105e-01
-1.253000609144632183e+00
2.866326308824332370e-01
-1.993405938372086794e+00
-4.111279332230705741e+00
-4.096003466568672202e+00
-4.074576448942948126e+00
-4.009574163728962581e+00
-4.139479074351502419e+00
-4.146735207711799376e+00
-4.247572917940109605e+00
-4.143755873915530685e+00
-4.325382491850062294e+00
-4.126030856225885834e+00
-4.334846314183839588e+00
-4.201328287009776119e+00
-9.259660880871335431e-01
-5.512038282238939102e-01
-1.193423596376180340e+00
3.400695094670188601e-01
-2.565222625133997347e+00
-4.100026618620733032e+00
-4.097653079960331901e+00
-4.045734716367825001e+00
-3.959079415544710656e+00
-4.191284901669535046e+00
-4.145222025604129001e+00
-4.366200586397596339e+00
-4.112239447585805507e+00
-4.506552332427999019e+00
-4.126430955152275537e+00
-4.230406029443482652e+00
-4.182919319830117999e+00
-9.259660880871335431e-01
-5.512038282238939102e-01
-1.193423596376180340e+00
3.400695094670188601e-01
-2.565222625133997347e+00
-4.100026618620733032e+00
-4.097653079960331901e+00
-4.045734716367825001e+00
-3.959079415544710656e+00
-4.191284901669535046e+00
-4.145222025604129001e+00
-4.366200586397596339e+00
-4.112239447585805507e+00
-4.506552332427999019e+00
-4.126430955152275537e+00
-4.230406029443482652e+00
-4.182919319830117999e+00
-6.465780977703678989e-01
-5.698734917824145318e-01
-1.236160609618981665e+00
3.105338196514775273e-01
-2.551535461368672042e+00
-4.110334129430927241e+00
-4.086499271136382561e+00
-4.066186612860938965e+00
-3.998939557786878485e+00
-4.226714633534265353e+00
-4.142421210730849346e+00
-4.442147892770919704e+00
-4.131924763054501071e+00
-4.488830400038034796e+00
-4.127684383039798455e+00
-4.177184852151381911e+00
-4.259670437801338139e+00
-6.465780977703678989e-01
-5.698734917824145318e-01
-1.236160609618981665e+00
3.105338196514775273e-01
-2.551535461368672042e+00
-4.110334129430927241e+00
-4.086499271136382561e+00
-4.066186612860938965e+00
-3.998939557786878485e+00
-4.226714633534265353e+00
-4.142421210730849346e+00
-4.442147892770919704e+00
-4.131924763054501071e+00
-4.488830400038034796e+00
-4.127684383039798455e+00
-4.177184852151381911e+00
-4.259670437801338139e+00
2.120352180900464401e+00
-8.345292967904047732e-01
