1.070000000000000000e+02
1.261998686778248612e+03
3.280954323983970244e+00
1.488947816013364567e-01
9.999998813900177197e-01
1.000000000000000000e+00
9.751334445254894456e-01
9.565906908966811395e-01
9.620563868389629958e-01
9.701275707405556670e-01
9.518000774296182520e-01
9.410831225321856230e-01
9.396493143511609469e-01
9.401394225833308305e-01
9.289490233745500980e-01
9.237134156599823287e-01
-1.447816296329001062e+01
-1.038637420415344792e+00
-1.534780959673477385e+00
-8.602884674395578912e-01
-3.759510534506458335e+00
-3.014546979141432992e+00
-3.432539498948773193e+00
-3.175874792986684181e+00
-3.743609299906548671e+00
-3.018494800494743391e+00
-3.165950238516848980e+00
-3.512774531774149889e+00
1.126409702577404914e+01
3.775393205399483421e+00
1.099393391224018357e+00
1.004428360547314547e+01
1.436061379818045491e+00
4.539992976248485417e-05
2.711358362918047327e+00
2.186676367782933728e+00
2.811107830206825309e+00
8.227850071502087470e-01
1.248630920588684376e+03
1.383449141503701740e-01
4.741173731670856739e+01
6.315508561804107046e+01
9.999892817123271493e-01
1.000000000000000000e+00
9.903960034645831190e-01
9.518515120012909225e-01
9.747408732498381578e-01
9.774101262779004706e-01
9.618208950780756661e-01
9.458130693694725144e-01
9.476458619454600774e-01
9.442069674250799238e-01
9.314512553530651662e-01
9.265018567654695891e-01
-1.000000000000000000e+01
-1.058713865691708111e+00
-1.374027309221366178e+00
-8.684265460428591821e-01
-3.826216697431132463e+00
-3.683315825816467548e+00
-3.676055631071176499e+00
-2.832723811158658567e+00
-3.505485185365713185e+00
-2.773447605459269827e+00
-2.803605741282841457e+00
-3.006002528635792537e+00
4.309588168578002559e-02
2.551760604431654755e+00
1.275971113530197654e-01
6.283162119927130362e+01
3.500943748342843520e+01
3.058538370970587295e+01
1.123676857744606394e+01
3.803682003797162370e+00
1.213515812494071477e+00
1.872938759411155374e+01
1.951189647146492456e+00
4.539992976248485417e-05
2.037516106705757668e+00
1.634650079754314200e+00
1.850882125433492620e+00
2.811954471651909593e-01
