4.080000000000000000e+02
1.393679869488894951e+01
1.511149321028410384e+02
3.287859039174615532e+02
4.596149965747222121e-01
9.637254901960784492e-01
0.000000000000000000e+00
9.250000000000000444e-01
9.367647058823529438e-01
9.218137254901961342e-01
9.411764705882352811e-01
9.200980392156862253e-01
9.250000000000000444e-01
9.232843137254902466e-01
9.088235294117646967e-01
9.330882352941176627e-01
9.257352941176471006e-01
1.201953164496945980e+01
0.000000000000000000e+00
1.192634151417739474e+01
1.564796141045609268e+01
1.073500325107139020e+01
2.179169459454849544e+01
1.105269118973280662e+01
1.386918624134228750e+01
1.870568977714952297e+01
8.223861499093542804e+00
1.703263378677991824e+01
1.244674712521111815e+01
1.469126719432845675e+03
2.742318733404038511e+01
1.082814927824787787e+01
1.458592413480743062e+02
3.272371448510320988e+02
4.457294767514051181e-01
9.681372549019607865e-01
0.000000000000000000e+00
9.303921568627451233e-01
9.411764705882352811e-01
9.232843137254902466e-01
9.421568627450980227e-01
9.215686274509804488e-01
9.254901960784314152e-01
9.220588235294118196e-01
9.098039215686274384e-01
9.308823529411764941e-01
9.235294117647059320e-01
1.685331137365475129e+01
0.000000000000000000e+00
1.118684009733794582e+01
1.552406024434082710e+01
9.586120702675900773e+00
2.227334939330997443e+01
9.365385791599520005e+00
1.203314301851285606e+01
1.565686187956122133e+01
6.311940916829434478e+00
1.604293448115315002e+01
1.087609501994698746e+01
2.664979047601402917e-01
5.543622523655378842e+01
1.748998631860508794e+02
4.865442107140115979e+01
