4.080000000000000000e+02
9.639705882352941346e-01
0.000000000000000000e+00
9.250000000000000444e-01
9.370098039215686292e-01
9.191176470588234837e-01
9.409313725490195957e-01
9.161764705882352589e-01
9.225490196078431904e-01
9.198529411764705399e-01
9.073529411764705843e-01
9.311274509803921795e-01
9.237745098039216174e-01
1.332276024806466275e+01
1.653741024673572824e+01
8.436254312504491537e+00
2.084581422904664549e+01
1.429991023948723416e+01
1.324489786330898156e+01
2.797258318251082088e+01
5.936306595925106677e+00
1.842671147071656890e+01
7.054481391304904925e+00
9.676470588235294157e-01
0.000000000000000000e+00
9.306372549019608087e-01
9.406862745098039102e-01
9.240196078431373028e-01
9.428921568627450789e-01
9.196078431372549655e-01
9.254901960784314152e-01
9.198529411764705399e-01
9.078431372549019551e-01
9.306372549019608087e-01
9.232843137254902466e-01
8.663119704538642551e+00
1.652471626783436420e+01
7.427683051975614070e+00
2.684234160254572998e+01
8.825111252940326168e+00
1.563933666498765440e+01
2.317447654584184846e+01
4.236597856266205220e+00
1.860872737177244218e+01
6.828013442710191505e+00
