4.080000000000000000e+02
1.393682563090337467e+01
1.089584200144400405e+01
9.581238936045396448e-01
1.000000000000000000e+00
9.252156205152554103e-01
9.382178343225356931e-01
9.209985512875082936e-01
9.433569479019983106e-01
9.183904875300783477e-01
9.244787324275482998e-01
9.204042593879786516e-01
9.102845687439456990e-01
9.320907178608842658e-01
9.244987117525845788e-01
1.201668200654832219e+01
0.000000000000000000e+00
1.192632132295481107e+01
1.564498944359464794e+01
1.073956204317634722e+01
2.178598258225508744e+01
1.105258450621613697e+01
1.386329393789930897e+01
1.870058270810682544e+01
8.221973742244717442e+00
1.703237026259061793e+01
1.244532762870857567e+01
2.857211517969318493e+01
0.000000000000000000e+00
1.559183588384105690e+01
3.358509956782388883e+01
3.731554744035207705e+00
2.309816585202433714e+01
4.482212028091028699e+00
1.206410284222598150e+01
3.980517547481468021e+00
7.738128883971777228e+00
1.368680779832194006e+01
4.783426269692522048e+00
6.958271499337150001e-02
1.234098040866795612e-04
2.142346407211679488e-02
4.258121793236022135e-02
5.389866791935698544e-03
2.293842199600759288e-02
6.089724007304264317e-03
1.412112085072820752e-02
3.277211096148589450e-03
1.285590236807360696e-02
1.450132816181401614e-02
6.238615638470682012e-03
3.417090281869566581e+01
0.000000000000000000e+00
6.102405365955156213e+01
5.041424719281087619e+01
6.446518214939324309e+01
4.622073051196942117e+01
6.659336217545605052e+01
6.162535433912058380e+01
6.495012433940945584e+01
7.320779190494027944e+01
5.541397422551843022e+01
6.160905120989100681e+01
