1.360000000000000000e+02
2.810484575890131342e+00
8.443078790562822178e+00
5.602556876665548691e-02
9.999872398011796504e-01
1.000000000000000000e+00
9.991625677788111837e-01
9.997261005397201084e-01
9.997296710479824933e-01
9.998500002755518201e-01
9.998309529702115173e-01
9.998544370870854348e-01
9.999998567982368858e-01
9.999986047345545970e-01
9.999988464218660944e-01
9.999997551711399257e-01
9.837831778660057758e-01
1.000000000000000000e+00
9.036087342645963139e-01
8.915719199467723177e-01
8.380385959604482737e-01
8.711517206881538300e-01
8.033620113563805232e-01
8.009928004607460572e-01
7.890347052684374418e-01
7.511285197935608782e-01
8.040486488693517897e-01
7.811358560813130847e-01
9.837704176671854261e-01
1.000000000000000000e+00
9.027713020434073865e-01
8.912980204864923151e-01
8.377682670084307670e-01
8.710017209637055391e-01
8.031929643265920404e-01
8.008472375478314920e-01
7.890345620666743276e-01
7.511271245281154751e-01
8.040474952912178841e-01
7.811356112524530104e-01
2.391689030162607921e+00
0.000000000000000000e+00
3.552805630806964654e+00
3.085877750165040290e+00
2.357003591495868466e+00
4.903184981470899650e+00
1.995448211789996984e+00
2.263679520701539438e+00
3.051074370600100227e+00
1.473043019647069407e+00
3.578859336098634714e+00
2.060779722160723804e+00
1.835317508810251352e-01
0.000000000000000000e+00
1.578060409848809620e+01
1.478334392135305997e+01
5.326628265978470722e+00
8.397526624531288064e+00
3.052834214579276839e+00
6.495429683567915724e+00
7.292249346689720912e-01
5.961821465175995094e+00
1.000681031491765616e+01
3.080622891345329073e+00
1.738322088626323425e-02
2.159589213657698570e-01
1.679534007853557831e-01
1.620270804266041864e-01
5.121385099900822163e-02
4.881129060965870570e-02
2.857940845606975894e-02
5.297094305947729065e-02
4.165129424377366635e-03
5.978841856263382437e-02
5.246036588495496533e-02
2.511093930346737155e-02
4.410975620446430767e+00
0.000000000000000000e+00
2.621842428002981151e+01
2.949243777447794201e+01
4.405350189875807132e+01
3.504673197282215824e+01
5.348553291106450303e+01
5.412995827467707954e+01
5.738256016698501583e+01
6.769304261615144469e+01
5.329876750753631143e+01
5.953104714588284452e+01
6.194982318878168581e-02
0.000000000000000000e+00
4.065671606335129695e+00
1.329761657689475296e+00
1.312427103685757990e+00
7.282375877315270252e-01
8.207108488979563132e-01
7.066971953051884858e-01
6.952339872205445326e-04
6.773910725356551907e-03
5.600536671647395395e-03
1.188626039776394337e-03
1.814721555325400359e-01
0.000000000000000000e+00
1.178338670600510341e+01
1.280595652521434502e+01
5.303963543549871318e+00
7.728715571952263552e+00
2.974611592075539157e+00
6.384038557058167029e+00
7.291689764039963606e-01
5.954447313771207284e+00
9.999878174937919084e+00
3.079195247723861328e+00
2.059595348477777019e-03
0.000000000000000000e+00
3.997217392482992349e+00
1.977387396138712061e+00
2.266472242859434577e-02
6.688110525790456062e-01
7.822262250372517822e-02
1.113911265097594916e-01
5.595826497449968702e-05
7.374151404801517623e-03
6.932139979746782324e-03
1.427643621486762585e-03
